structure(list(Date = structure(c(343L, 342L, 341L, 340L, 339L, 
338L, 337L, 336L, 335L, 334L, 333L, 332L, 331L, 330L, 329L, 328L, 
327L, 326L, 325L, 324L, 323L, 322L, 321L, 320L, 319L, 318L, 317L, 
316L, 315L, 314L, 313L, 312L, 311L, 310L, 309L, 308L, 307L, 306L, 
305L, 304L, 303L, 302L, 301L, 300L, 299L, 298L, 297L, 296L, 295L, 
294L, 293L, 292L, 291L, 290L, 289L, 288L, 287L, 286L, 285L, 284L, 
283L, 282L, 281L, 280L, 279L, 278L, 277L, 276L, 275L, 274L, 273L, 
272L, 271L, 270L, 269L, 268L, 267L, 266L, 265L, 264L, 263L, 262L, 
261L, 260L, 259L, 258L, 257L, 256L, 255L, 254L, 253L, 252L, 251L, 
250L, 249L, 248L, 247L, 246L, 245L, 244L, 243L, 242L, 241L, 240L, 
239L, 238L, 237L, 236L, 235L, 234L, 233L, 232L, 231L, 230L, 229L, 
228L, 227L, 226L, 225L, 224L, 223L, 222L, 221L, 220L, 219L, 218L, 
217L, 216L, 215L, 214L, 213L, 212L, 211L, 210L, 209L, 208L, 207L, 
206L, 205L, 204L, 203L, 202L, 201L, 200L, 199L, 198L, 197L, 196L, 
195L, 194L, 193L, 192L, 191L, 190L, 189L, 188L, 187L, 186L, 185L, 
184L, 183L, 182L, 181L, 180L, 179L, 178L, 177L, 176L, 175L, 174L, 
173L, 172L, 171L, 170L, 169L, 168L, 167L, 166L, 165L, 164L, 163L, 
162L, 161L, 160L, 159L, 158L, 157L, 156L, 155L, 154L, 153L, 152L, 
151L, 150L, 149L, 148L, 147L, 146L, 145L, 144L, 143L, 142L, 141L, 
140L, 139L, 138L, 137L, 136L, 135L, 134L, 133L, 132L, 131L, 130L, 
129L, 128L, 127L, 126L, 125L, 124L, 123L, 122L, 121L, 120L, 119L, 
118L, 117L, 116L, 115L, 114L, 113L, 112L, 111L, 110L, 109L, 108L, 
107L, 106L, 105L, 104L, 103L, 102L, 101L, 100L, 99L, 98L, 97L, 
96L, 95L, 94L, 93L, 92L, 91L, 90L, 89L, 88L, 87L, 86L, 85L, 84L, 
83L, 82L, 81L, 80L, 79L, 78L, 77L, 76L, 75L, 74L, 73L, 72L, 71L, 
70L, 69L, 68L, 67L, 66L, 65L, 64L, 63L, 62L, 61L, 60L, 59L, 58L, 
57L, 56L, 55L, 54L, 53L, 52L, 51L, 50L, 49L, 48L, 47L, 46L, 45L, 
44L, 43L, 42L, 41L, 40L, 39L, 38L, 37L, 36L, 35L, 34L, 33L, 32L, 
31L, 30L, 29L, 28L, 27L, 26L, 25L, 24L, 23L, 22L, 21L, 20L, 19L, 
18L, 17L, 16L, 15L, 14L, 13L, 12L, 11L, 10L, 9L, 8L, 7L, 6L, 
5L, 4L, 3L, 2L, 1L), .Label = c("2010-09-15", "2010-09-16", "2010-09-17", 
"2010-09-20", "2010-09-21", "2010-09-22", "2010-09-23", "2010-09-24", 
"2010-09-27", "2010-09-28", "2010-09-29", "2010-09-30", "2010-10-01", 
"2010-10-04", "2010-10-05", "2010-10-06", "2010-10-07", "2010-10-08", 
"2010-10-11", "2010-10-12", "2010-10-13", "2010-10-14", "2010-10-15", 
"2010-10-18", "2010-10-19", "2010-10-20", "2010-10-21", "2010-10-22", 
"2010-10-25", "2010-10-26", "2010-10-27", "2010-10-28", "2010-10-29", 
"2010-11-01", "2010-11-02", "2010-11-03", "2010-11-04", "2010-11-05", 
"2010-11-08", "2010-11-09", "2010-11-10", "2010-11-11", "2010-11-12", 
"2010-11-15", "2010-11-16", "2010-11-17", "2010-11-18", "2010-11-19", 
"2010-11-22", "2010-11-23", "2010-11-24", "2010-11-26", "2010-11-29", 
"2010-11-30", "2010-12-01", "2010-12-02", "2010-12-03", "2010-12-06", 
"2010-12-07", "2010-12-08", "2010-12-09", "2010-12-10", "2010-12-13", 
"2010-12-14", "2010-12-15", "2010-12-16", "2010-12-17", "2010-12-20", 
"2010-12-21", "2010-12-22", "2010-12-23", "2010-12-27", "2010-12-28", 
"2010-12-29", "2010-12-30", "2010-12-31", "2011-01-03", "2011-01-04", 
"2011-01-05", "2011-01-06", "2011-01-07", "2011-01-10", "2011-01-11", 
"2011-01-12", "2011-01-13", "2011-01-14", "2011-01-18", "2011-01-19", 
"2011-01-20", "2011-01-21", "2011-01-24", "2011-01-25", "2011-01-26", 
"2011-01-27", "2011-01-28", "2011-01-31", "2011-02-01", "2011-02-02", 
"2011-02-03", "2011-02-04", "2011-02-07", "2011-02-08", "2011-02-09", 
"2011-02-10", "2011-02-11", "2011-02-14", "2011-02-15", "2011-02-16", 
"2011-02-17", "2011-02-18", "2011-02-22", "2011-02-23", "2011-02-24", 
"2011-02-25", "2011-02-28", "2011-03-01", "2011-03-02", "2011-03-03", 
"2011-03-04", "2011-03-07", "2011-03-08", "2011-03-09", "2011-03-10", 
"2011-03-11", "2011-03-14", "2011-03-15", "2011-03-16", "2011-03-17", 
"2011-03-18", "2011-03-21", "2011-03-22", "2011-03-23", "2011-03-24", 
"2011-03-25", "2011-03-28", "2011-03-29", "2011-03-30", "2011-03-31", 
"2011-04-01", "2011-04-04", "2011-04-05", "2011-04-06", "2011-04-07", 
"2011-04-08", "2011-04-11", "2011-04-12", "2011-04-13", "2011-04-14", 
"2011-04-15", "2011-04-18", "2011-04-19", "2011-04-20", "2011-04-21", 
"2011-04-25", "2011-04-26", "2011-04-27", "2011-04-28", "2011-04-29", 
"2011-05-02", "2011-05-03", "2011-05-04", "2011-05-05", "2011-05-06", 
"2011-05-09", "2011-05-10", "2011-05-11", "2011-05-12", "2011-05-13", 
"2011-05-16", "2011-05-17", "2011-05-18", "2011-05-19", "2011-05-20", 
"2011-05-23", "2011-05-24", "2011-05-25", "2011-05-26", "2011-05-27", 
"2011-05-31", "2011-06-01", "2011-06-02", "2011-06-03", "2011-06-06", 
"2011-06-07", "2011-06-08", "2011-06-09", "2011-06-10", "2011-06-13", 
"2011-06-14", "2011-06-15", "2011-06-16", "2011-06-17", "2011-06-20", 
"2011-06-21", "2011-06-22", "2011-06-23", "2011-06-24", "2011-06-27", 
"2011-06-28", "2011-06-29", "2011-06-30", "2011-07-01", "2011-07-05", 
"2011-07-06", "2011-07-07", "2011-07-08", "2011-07-11", "2011-07-12", 
"2011-07-13", "2011-07-14", "2011-07-15", "2011-07-18", "2011-07-19", 
"2011-07-20", "2011-07-21", "2011-07-22", "2011-07-25", "2011-07-26", 
"2011-07-27", "2011-07-28", "2011-07-29", "2011-08-01", "2011-08-02", 
"2011-08-03", "2011-08-04", "2011-08-05", "2011-08-08", "2011-08-09", 
"2011-08-10", "2011-08-11", "2011-08-12", "2011-08-15", "2011-08-16", 
"2011-08-17", "2011-08-18", "2011-08-19", "2011-08-22", "2011-08-23", 
"2011-08-24", "2011-08-25", "2011-08-26", "2011-08-29", "2011-08-30", 
"2011-08-31", "2011-09-01", "2011-09-02", "2011-09-06", "2011-09-07", 
"2011-09-08", "2011-09-09", "2011-09-12", "2011-09-13", "2011-09-14", 
"2011-09-15", "2011-09-16", "2011-09-19", "2011-09-20", "2011-09-21", 
"2011-09-22", "2011-09-23", "2011-09-26", "2011-09-27", "2011-09-28", 
"2011-09-29", "2011-09-30", "2011-10-03", "2011-10-04", "2011-10-05", 
"2011-10-06", "2011-10-07", "2011-10-10", "2011-10-11", "2011-10-12", 
"2011-10-13", "2011-10-14", "2011-10-17", "2011-10-18", "2011-10-19", 
"2011-10-20", "2011-10-21", "2011-10-24", "2011-10-25", "2011-10-26", 
"2011-10-27", "2011-10-28", "2011-10-31", "2011-11-01", "2011-11-02", 
"2011-11-03", "2011-11-04", "2011-11-07", "2011-11-08", "2011-11-09", 
"2011-11-10", "2011-11-11", "2011-11-14", "2011-11-15", "2011-11-16", 
"2011-11-17", "2011-11-18", "2011-11-21", "2011-11-22", "2011-11-23", 
"2011-11-25", "2011-11-28", "2011-11-29", "2011-11-30", "2011-12-01", 
"2011-12-02", "2011-12-05", "2011-12-06", "2011-12-07", "2011-12-08", 
"2011-12-09", "2011-12-12", "2011-12-13", "2011-12-14", "2011-12-15", 
"2011-12-16", "2011-12-19", "2011-12-20", "2011-12-21", "2011-12-22", 
"2011-12-23", "2011-12-27", "2011-12-28", "2011-12-29", "2011-12-30", 
"2012-01-03", "2012-01-04", "2012-01-05", "2012-01-06", "2012-01-09", 
"2012-01-10", "2012-01-11", "2012-01-12", "2012-01-13", "2012-01-17", 
"2012-01-18", "2012-01-19", "2012-01-20", "2012-01-23", "2012-01-24"
), class = "factor"),